27
113
209
319
409
518
601
729
805
917
1009
1119
1198
1298
1423
1497
1603
1708
1798
1905
2010
2100
2210
2284
2390
2482
2589
2668
2765
2869
2958
3056
3157
3242
3356
3448
3528
3618
3721
3816
3900
4012
4096
4169
4286
4363
4441
4532
4648
4732
4813
4883
4978
5069
5144
5244
5322
5410
5498
5566
5648
5738
5826
5908
5979
6079
6156
6223
6317
6383
6449
6543
6607
6676
6772
6821
6905
6991
7052
7122
7188
7260
7339
7391
7453
7526
7587
7657
7726
7787
7845
7921
7965
8028
8091
8136
8199
8252
8308
8387
8416
8493
8536
8576
8639
8692
8726
8801
8839
8880
8938
8965
9026
9054
9115
9135
9197
9223
9263
9314
9344
9366
9393
9426
9482
9502
9532
9567
9607
9621
9654
9665
9697
9716
9742
9769
9787
9806
9838
9861
9861
9898
9909
9917
9944
9944
9945
9975
9985
9977
9985
10007
10002
9993
10019
10011
10008
10010
10011
10022
9997
10014
10014
9991
9996
9976
9979
9953
9969
9947
9928
9904
9915
9892
9883
9855
9822
9830
9794
9783
9743
9740
9718
9689
9663
9625
9606
9573
9543
9505
9484
9435
9397
9379
9343
9306
9273
9242
9203
9161
9111
9079
9011
8974
8920
8890
8849
8785
8744
8685
8641
8605
8546
8500
8442
8396
8316
8263
8214
8166
8112
8026
7970
7918
7866
7796
7740
7659
7609
7542
7457
7412
7352
7258
7195
7120
7066
6978
6930
6829
6756
6705
6632
6547
6477
6393
6318
6228
6159
6066
5986
5914
5842
5768
5680
5597
5514
5434
5345
5256
5165
5097
4990
4911
4830
4728
4657
4559
4481
4375
4302
4211
4110
4004
3920
3825
3732
3638
3538
3471
3363
3273
3170
3096
3000
2904
2799
2704
2596
2505
2401
2317
2221
2103
2009
1910
1825
1729
1634
1511
1417
1326
1224
1124
1016
937
827
736
632
517
425
345
244
127
34
-67
-159
-255
-382
-457
-567
-678
-777
-862
-965
-1064
-1152
-1263
-1377
-1474
-1574
-1672
-1754
-1854
-1960
-2064
-2155
-2240
-2350
-2436
-2547
-2633
-2722
-2838
-2926
-3032
-3127
-3223
-3317
-3395
-3495
-3582
-3669
-3764
-3850
-3948
-4035
-4132
-4237
-4314
-4404
-4491
-4581
-4683
-4765
-4845
-4938
-5013
-5123
-5186
-5276
-5374
-5448
-5536
-5629
-5699
-5768
-5865
-5941
-6036
-6113
-6192
-6274
-6345
-6423
-6495
-6578
-6627
-6716
-6793
-6870
-6939
-7009
-7065
-7148
-7214
-7300
-7351
-7412
-7483
-7552
-7608
-7668
-7751
-7799
-7877
-7946
-8004
-8056
-8116
-8182
-8235
-8283
-8329
-8386
-8438
-8499
-8537
-8586
-8638
-8702
-8737
-8800
-8841
-8888
-8925
-8986
-9017
-9062
-9101
-9152
-9191
-9234
-9275
-9306
-9340
-9369
-9390
-9452
-9464
-9489
-9520
-9572
-9575
-9618
-9631
-9657
-9697
-9712
-9728
-9775
-9794
-9804
-9830
-9851
-9845
-9874
-9874
-9907
-9905
-9911
-9925
-9950
-9955
-9963
-9973
-9976
-9988
-9981
-9984
-9998
-9981
-9998
-9993
-9976
-9976
-9988
-9975
-9966
-9966
-9959
-9939
-9931
-9906
-9903
-9881
-9877
-9876
-9860
-9838
-9814
-9784
-9780
-9756
-9723
-9710
-9685
-9665
-9632
-9590
-9563
-9549
-9510
-9492
-9440
-9417
-9396
-9364
-9315
-9287
-9256
-9215
-9179
-9120
-9076
-9033
-9007
-8944
-8908
-8881
-8824
-8771
-8720
-8677
-8616
-8585
-8508
-8460
-8422
-8359
-8314
-8264
-8194
-8128
-8071
-8007
-7965
-7903
-7849
-7781
-7711
-7647
-7594
-7530
-7456
-7376
-7328
-7250
-7192
-7100
-7032
-6967
-6901
-6825
-6740
-6665
-6603
-6527
-6439
-6373
-6289
-6215
-6142
-6071
-5979
-5912
-5830
-5729
-5669
-5571
-5494
-5405
-5317
-5245
-5167
-5058
-4985
-4890
-4795
-4726
-4616
-4532
-4444
-4359
-4272
-4186
-4082
-3997
-3900
-3802
-3715
-3620
-3538
-3433
-3355
-3264
-3161
-3080
-2961
-2882
-2774
-2674
-2581
-2485
-2401
-2296
-2185
-2109
-2012
-1912
-1798
-1713
-1607
-1520
-1424
-1319
-1222
-1102
-1002
-930
-813
-730
-619
-516
-407
-313
-224
-105
-9
85
195
279
378
487
570
679
773
891
988
1086
1193
1289
1380
1463
1565
1676
1788
1883
1984
2083
2162
2258
2370
2450
2569
2665
2744
2839
2946
3042
3139
3228
3308
3416
3494
3609
3699
3790
3872
3978
4070
4150
4232
4346
4434
4516
4611
4702
4776
4881
4958
5036
5122
5226
5296
5374
5482
5557
5650
5708
5809
5880
5964
6028
6123
6204
6278
6343
6433
6496
6595
6663
6740
6812
6885
6967
7015
7095
7177
7236
7313
7363
7446
7519
7562
7636
7688
7757
7833
7902
7947
7998
8084
8130
8201
8241
8308
8343
8413
8461
8514
8585
8630
8668
8727
8769
8822
8880
8916
8947
9012
9052
9076
9119
9164
9208
9250
9280
9334
9369
9388
9433
9450
9500
9522
9562
9580
9620
9639
9665
9685
9726
9752
9778
9787
9798
9831
9837
9861
9891
9895
9924
9922
9944
9953
9949
9968
9992
9974
9991
9993
9997
10005
10025
10014
10024
10010
10012
10025
9998
9992
10005
10006
9974
9983
9958
9965
9952
9922
9932
9923
9892
9873
9847
9834
9826
9807
9775
9765
9725
9727
9677
9658
9641
9609
9581
9547
9528
9482
9460
9435
9383
9362
9325
9268
9231
9199
9168
9126
9085
9022
8982
8957
8914
8864
8823
8774
8705
8663
8621
8562
8512
8457
8408
8333
8291
8226
8172
8120
8067
7997
7940
7867
7807
7747
7688
7617
7552
7505
7429
7372
7294
7214
7140
7083
7009
6945
6874
6790
6721
6636
6583
6494
6410
6332
6276
6190
6111
6030
5953
5867
5783
5712
5615
5527
5445
5379
5289
5208
5108
5029
4924
4864
4762
4676
4594
4492
4411
4312
4221
4141
4043
3941
3853
3783
3682
3587
3484
3380
3303
3192
3104
3007
2919
2833
2732
2626
2529
2426
2331
2251
2134
2061
1948
1840
1756
1665
1552
1466
1365
1262
1157
1058
959
859
754
662
549
465
349
274
174
58
-23
-124
-223
-347
-452
-544
-641
-745
-829
-944
-1037
-1142
-1239
-1321
-1447
-1542
-1633
-1718
-1835
-1912
-2009
-2124
-2204
-2327
-2405
-2507
-2603
-2703
-2807
-2905
-2986
-3076
-3175
-3276
-3356
-3460
-3565
-3644
-3748
-3828
-3912
-4026
-4097
-4195
-4304
-4389
-4458
-4561
-4638
-4729
-4839
-4904
-4993
-5074
-5169
-5253
-5353
-5434